2
3
5
6
9
10
11
18
19
21
22
25
26
27
34
35
37
38
41
42
43
50
51
53
54
57
58
59
66
67
69
70
73
74
75
82
83
85
86
89
90
91
98
99
101
102
105
106
107
114
115
117
118
121
122
123
130
131
133
134
137
138
139
146
147
149
150
153
154
155
162
163
165
166
169
170
171
178
179
181
182
185
186
187
194
195
197
198
201
202
203
210
211
213
214
217
218
219
226
227
229
230
233
234
235
242
243
245
246
249
250
251
258
259
261
262
265
266
267
274
275
277
278
281
282
283
290
291
293
294
297
298
299
306
307
309
310
313
314
315
322
323
325
326
329
330
331
338
339
341
342
345
346
347
354
355
357
358
361
362
363
370
371
373
374
377
378
379
386
387
389
390
393
394
395
402
403
405
406
409
410
411
418
419
421
422
425
426
427
434
435
437
438
441
442
443
450
451
453
454
457
458
459
466
467
469
470
473
474
475
482
483
485
486
489
490
491
498
499
501
502
505
506
507
514
515
517
518
521
522
523
530
531
533
534
537
538
539
546
547
549
550
553
554
555
562
563
565
566
569
570
571
578
579
581
582
585
586
587
594
595
597
598
601
602
603
610
611
613
614
617
618
619
626
627
629
630
633
634
635
642
643
645
646
649
650
651
658
659
661
662
665
666
667
674
675
677
678
681
682
683
690
691
693
694
697
698
699
706
707
709
710
713
714
715
722
723
725
726
729
730
731
738
739
741
742
745
746
747
754
755
757
758
761
762
763
770
771
773
774
777
778
779
786
787
789
790
793
794
795
802
803
805
806
809
810
811
818
819
821
822
825
826
827
834
835
837
838
841
842
843
850
851
853
854
857
858
859
866
867
869
870
873
874
875
882
883
885
886
889
890
891
898
899
901
902
905
906
907
914
915
917
918
921
922
923
930
931
933
934
937
938
939
946
947
949
950
953
954
955
962
963
965
966
969
970
971
978
979
981
982
985
986
987
994
995
997
998
